136 139
137 164
141 186
147 205
162 228
182 243
200 247
220 243
242 227
257 206
264 186
267 164
268 140
231 80
202 75
173 80
175 118
161 117
148 126
161 124
174 125
188 127
213 127
227 118
242 118
255 127
242 125
227 126
231 130
171 129
184 141
177 136
171 134
165 135
160 140
165 143
171 145
177 144
173 138
231 139
218 141
225 136
231 134
237 136
243 140
237 144
231 145
225 144
209 161
199 161
190 162
189 179
199 174
209 179
219 175
214 181
199 186
185 181
180 174
173 202
183 198
193 196
199 197
205 196
216 197
227 202
212 201
199 202
188 202
187 208
200 210
212 208
220 211
211 216
200 218
189 217
179 212
